Triangle 1
{
side1 = 2.0
side2 = 2.0
side3 = 2.0
perimeter =6.0
area = 1.7320508075688772
angle1 =0.8775825618903728
angle2 =0.8775825618903728
angle3 =0.8775825618903728
}

Triangle 2
{
side1 = 2.0
side2 = 3.0
side3 = 2.0
perimeter =7.0
area = 1.984313483298443
angle1 =0.7316888688738209
angle2 =0.992197667229329
angle3 =0.7316888688738209
}

Triangle 3
{
side1 = 4.0
side2 = 5.0
side3 = 4.0
perimeter =13.0
area = 7.806247497997997
angle1 =0.8109631195052179
angle2 =0.9761694738686353
angle3 =0.8109631195052179
}

Triangle 4
{
side1 = 3.0
side2 = 3.0
side3 = 3.0
perimeter =9.0
area = 3.897114317029974
angle1 =0.8775825618903728
angle2 =0.8775825618903728
angle3 =0.8775825618903728
}

